0000000000000000000000000
0000000000000000000012300
0000000000000000000045600
0000000000000000000078900
0000000012300000000000000
0000000045600000000000000
0000000078900000000000000
0000000000000000000000000
0000000000000000000000000
0000000000000000000000000
0000000000000000000000000
0000000000000000000000000
0000000000000000000000000
0000000000000012300000000
0000000000000045600000000
0000000000000078900000000
0123000000000000000000000
0456000000000000000000000
0789000000000000000000000
0000000000000000000000000